98814919313645615562227632501842353623335365853705229901835148468883495797275597414884229673154676216661172834551301610934651963240119409868685277777800714566912405986645043974924445077030680918856209854280255930507129711147257107127165995928330446921396988707590674551893978543347857267274126479566133964621
120309037005681976370949305207133746746983392014859786008077885868206237066288839457678467372792330832240493847319506910624107293327355575990265009395111812157069795648694878932912724266067108352114568041606927740805295578389613410752347225302683181568493377905133685788806771897944116380798383235212880787111
111785936365127017878364692255320290881390250034420261152076893236497751708479451558829998875477413370296672127312833416766071239043340476618512716523841455668113510503541200502811971438914643566444202595134432922460265282115077045761511350952491133678485898016929814918158114380643876728495327499109907572429
79107360215620077532659896175026195404235793190726547917783395438823337589603205953575483353228931287967504796791548380004359471560051416284517914649068134828827258371600937675407475086859499975654685415750272651221034077150245371035999615125332427139552452769011676593964204925071318469088799724530215124831
76569172668426111655559325602270543124911618387292779930876870738135074619169375835923184222768365842868492168017456879360896599138595315395127482484106260530315856131196505195380380922891702380525990613251179620270889682827012451440651535676227547036408820876146886053832887455868205776680614430725735043793
103550587454386321582558194662757829135212617455098189704465201424747083811259424236094773443146797074227050243796231001527513188517222102533609879856271977599085359214761995812013304273705087884012864870860316140959386263712261023431338642036955538675194995254860356196860928948904910104782072744666235086537
90971837642433291280873621883216367817998065218607475308728029342384397984877685262773211911225017685122069795492703551175449897609664953357038478590596118164908410836795589316859218558924908109018646584994451050418244132783990484997446700555849562546557811117907782116545477224921738603975274933186794342491
73413351017881312712468977975284224969712424335838849844092642943213311672854945671322891541815396298565073974489398966168460398863368939081968582617939378670552898186310210195570878457837228086549976345444751087428844389630498481701518885699105988150105202350202767346091098175295783591431654750734894877399
71566039368566410696192366523253937232453984906766927106190688497758283492117264515150487759343943529526150027981496199751072735188260477291107672692545413595715319871286731540613403720279178498965086799594314786942108180966532474527957866789627251162692053119249102334395349645969466674380262856097693438521
107628356419937581357884846311454393897766095193524472406415741434987693671384322405146875604772875861371298399663792861133695195849541253920791194728970646177177601304422827790522809107774220027822016584419667805968358988156290174765868439478153696514808349459959439415529354636614886500694506023255079823373
91790474865200416562498525223387195736004778541952759476953293702991209352845230506773341766471835481185571572235140157043225934157398559619371693860888447188748144001978514611594339471810299348783446801794220036396407380964251612645759456101262295721935493095278291895678614455197784652961018115949658419209
57745662696838303754303952465503228135078930819394673548775585096093512474118594638537980679427929033618503594855631276864271074749153391716985704043006635120113738881223783140512431675306017867810186495417036064170392661338259312054070420545443175282250796188844807847223002952495291671792316319261526203977
74932280401824987073956870313685377085306206587423235348665346009152728684240450812927074555554879023572849407016961782430835249861002565952666939003777340922054220851625176505153442063005452154788416303298829441483147485245199232639360652800187172042662155481290924850141197767078965685536829327773869523877
151358344215033244675875489778202324190602535755100062795559941742660074031432793530151212013764307368624092680307412309928239344375084702784223862577115959360359550888626830285200297868200193432953229394288774622849280647658223840091169768900707469559531106032962678397359686688885464319205469445395775505261
58689109871391516446867152324943075006307619674297402783356934482330092148515973708298623302336452436909987582230530380141926976193048683919739669740152340284783548654140031841997682049142230063299924009372163169151602233027862127015614058254349505308306391730351101028876962457506249662645940599043284890479
75861752129011706039232551442557324749632957472023260501544821732788259510015930776827063124846257933592600211419172200445500819665741080443558399298477165580569304097320488157982369509484537407955071525374169099071933569693698855275672496186292197585298047755984716638462181339492749181406670186116294083207
95346418806667240579084074666101586656652563700979849442906833893357500903462274404419599353579163690013564626109399908623932855557157233581946448703748443415302152330984340846031484190075840945839657868726300498034388094371265188156182339601979104590181781634872909781460522645431312963619475713195057529053
111263984476673436627489757275903278242507559263558167504820261180694675496975214444112803028740397579682261168188209236682419315487324285379489604372214244677171978542867983223205255696183564627476468236388981120865570003958834885830340089377367925355956102357809150294822256788916694056156982524732649022121
96342125779778036941833551361632436941989127906210900570779845131168275089639216016217308560788807120832119537472979904464676694024827555869317191603939804273190020844614998671864808084618549460537796585180744783403305042282594096501853485099449520451347637383758909023665498253598410753186362009460492830077
123521857465916800677857353280191063787794382070207831208108072146961113332349472274610835066727682678338330153931986264103329376246220375119477195903647449590640978718531623595252346576912612285734791871663640158415800617586885197074330899616507185403383799265717845801374846656401529390641443616981589591271
131405795868049704946945078209025643754825946515862168268539786167707046891586623717476673108436285639575419309084969446295535565904197185085776823271112656565198238246280988380382110403894156666473014985911785626169140414905488725615795364652211328520244008235414509954941587909513975543894548408022461287151
70967114730909286832264494950640090470702806737946498609585048455374288588521539757280256786923900427556094520842779667859333365003824139739221992299308163341116429010529334098884182035133381995880826298540167736908299468072146475041847885773746257305103221598524542443653591683985019129894558266194325182821
107979432465960445003549108683102634118917861056034954024622240724163563602890130060316628069849623795318199576811119794560257267198435021465634488362082571221559448800322437539178387390819167699914898519745802727807447711037649579119174492560260601959406822151422632429549878526990294167401411360169366398309
118859893624530448832013335940179713922013208072805796098733098460272093097271354351290476904722130296985679088987020794135009361338702308650147800222344594443187427748099291365938946361540610154000110289387874941903994296345375923386002742685159036859796319092682744673080262820281354319298093885235987771731
